[image.jpg]
filters=fill=1,0.495327;finetune2=1,0.128655,0.053333,0.044912,00000000,-0.321637;finetune2=1,0.198830,0.047719,0.033684,00000000,-0.134503;
moddate=8cd2414d0a61d301
width=1080
height=1920
textactive=0
[hostel.jpg]
filters=finetune2=1,0.690058,0.000000,0.145965,00000000,0.216374;finetune2=1,0.081871,0.000000,0.050526,00000000,0.005848;
moddate=95c508760a61d301
width=1080
height=1920
textactive=0
